WP_000340713.1	lcl|NZ_JADDVT010000005.1_cds_WP_002725873.1_2687	90.698	86	106
WP_000412665.1	lcl|NZ_JADDVT010000005.1_cds_WP_002733579.1_2688	91.083	314	314
WP_000412665.1	lcl|NZ_JADDVT010000018.1_cds_WP_002722638.1_672	24.615	325	314
WP_000412665.1	lcl|NZ_JADDVT010000005.1_cds_WP_002733534.1_2691	26.022	269	314
WP_000412665.1	lcl|NZ_JADDVT010000005.1_cds_WP_002740024.1_2782	23.891	293	314
WP_000412665.1	lcl|NZ_JADDVT010000029.1_cds_WP_002743770.1_1418	22.941	170	314
WP_000412665.1	lcl|NZ_JADDVT010000005.1_cds_WP_016749081.1_2720	26.490	151	314
WP_000412665.1	lcl|NZ_JADDVT010000006.1_cds_WP_002728309.1_2941	23.151	311	314
WP_000361605.1	lcl|NZ_JADDVT010000067.1_cds_WP_002742222.1_2907	35.676	370	597
WP_000361605.1	lcl|NZ_JADDVT010000001.1_cds_WP_002723347.1_915	31.436	404	597
WP_000361605.1	lcl|NZ_JADDVT010000031.1_cds_WP_002741286.1_1659	32.542	421	597
WP_000361605.1	lcl|NZ_JADDVT010000005.1_cds_WP_002740724.1_2713	32.576	396	597
WP_000361605.1	lcl|NZ_JADDVT010000005.1_cds_IQA67_RS03055_2724	38.261	230	597
WP_000361605.1	lcl|NZ_JADDVT010000008.1_cds_WP_002739451.1_3250	27.830	212	597
WP_000361605.1	lcl|NZ_JADDVT010000009.1_cds_WP_002726143.1_3360	31.081	222	597
WP_000361605.1	lcl|NZ_JADDVT010000011.1_cds_WP_002752475.1_137	26.407	231	597
WP_000361605.1	lcl|NZ_JADDVT010000002.1_cds_WP_002734207.1_1506	30.303	231	597
WP_000361605.1	lcl|NZ_JADDVT010000053.1_cds_WP_002738485.1_2554	30.319	188	597
WP_000361605.1	lcl|NZ_JADDVT010000003.1_cds_WP_002721914.1_2039	27.935	247	597
WP_000361605.1	lcl|NZ_JADDVT010000004.1_cds_WP_002724285.1_2411	28.879	232	597
WP_000361605.1	lcl|NZ_JADDVT010000003.1_cds_WP_002721827.1_2072	29.302	215	597
WP_000361605.1	lcl|NZ_JADDVT010000027.1_cds_WP_002729296.1_1336	28.704	216	597
WP_000361605.1	lcl|NZ_JADDVT010000010.1_cds_WP_002728388.1_47	27.778	216	597
WP_000361605.1	lcl|NZ_JADDVT010000008.1_cds_WP_002725984.1_3282	24.779	226	597
WP_000361605.1	lcl|NZ_JADDVT010000011.1_cds_WP_002729758.1_146	32.273	220	597
WP_000361605.1	lcl|NZ_JADDVT010000014.1_cds_WP_002733837.1_397	28.235	255	597
WP_000361605.1	lcl|NZ_JADDVT010000014.1_cds_WP_002733837.1_397	26.230	183	597
WP_000361605.1	lcl|NZ_JADDVT010000004.1_cds_WP_002730493.1_2429	25.581	215	597
WP_000361605.1	lcl|NZ_JADDVT010000004.1_cds_WP_002724311.1_2410	25.911	247	597
WP_000361605.1	lcl|NZ_JADDVT010000030.1_cds_WP_032853264.1_1586	26.293	232	597
WP_000361605.1	lcl|NZ_JADDVT010000030.1_cds_WP_032853264.1_1586	27.389	157	597
WP_000361605.1	lcl|NZ_JADDVT010000011.1_cds_WP_002729133.1_129	27.234	235	597
WP_000361605.1	lcl|NZ_JADDVT010000001.1_cds_WP_002735056.1_830	25.714	210	597
WP_000361605.1	lcl|NZ_JADDVT010000017.1_cds_WP_002733736.1_611	26.587	252	597
WP_000361605.1	lcl|NZ_JADDVT010000004.1_cds_WP_002724740.1_2390	26.364	220	597
WP_000361605.1	lcl|NZ_JADDVT010000004.1_cds_WP_002734915.1_2358	25.641	234	597
WP_000361605.1	lcl|NZ_JADDVT010000004.1_cds_WP_002734915.1_2358	24.314	255	597
WP_000361605.1	lcl|NZ_JADDVT010000004.1_cds_WP_002739909.1_2367	44.828	58	597
WP_000361605.1	lcl|NZ_JADDVT010000004.1_cds_WP_002739909.1_2367	23.118	186	597
WP_000361605.1	lcl|NZ_JADDVT010000050.1_cds_WP_002739367.1_2491	22.388	201	597
WP_000361605.1	lcl|NZ_JADDVT010000030.1_cds_WP_002723659.1_1595	27.111	225	597
WP_000361605.1	lcl|NZ_JADDVT010000067.1_cds_WP_002742222.1_2907	35.676	370	597
WP_000361605.1	lcl|NZ_JADDVT010000001.1_cds_WP_002723347.1_915	31.436	404	597
WP_000361605.1	lcl|NZ_JADDVT010000031.1_cds_WP_002741286.1_1659	32.542	421	597
WP_000361605.1	lcl|NZ_JADDVT010000005.1_cds_WP_002740724.1_2713	32.576	396	597
WP_000361605.1	lcl|NZ_JADDVT010000005.1_cds_IQA67_RS03055_2724	38.261	230	597
WP_000361605.1	lcl|NZ_JADDVT010000008.1_cds_WP_002739451.1_3250	27.830	212	597
WP_000361605.1	lcl|NZ_JADDVT010000009.1_cds_WP_002726143.1_3360	31.081	222	597
WP_000361605.1	lcl|NZ_JADDVT010000011.1_cds_WP_002752475.1_137	26.407	231	597
WP_000361605.1	lcl|NZ_JADDVT010000002.1_cds_WP_002734207.1_1506	30.303	231	597
WP_000361605.1	lcl|NZ_JADDVT010000053.1_cds_WP_002738485.1_2554	30.319	188	597
WP_000361605.1	lcl|NZ_JADDVT010000003.1_cds_WP_002721914.1_2039	27.935	247	597
WP_000361605.1	lcl|NZ_JADDVT010000004.1_cds_WP_002724285.1_2411	28.879	232	597
WP_000361605.1	lcl|NZ_JADDVT010000003.1_cds_WP_002721827.1_2072	29.302	215	597
WP_000361605.1	lcl|NZ_JADDVT010000027.1_cds_WP_002729296.1_1336	28.704	216	597
WP_000361605.1	lcl|NZ_JADDVT010000010.1_cds_WP_002728388.1_47	27.778	216	597
WP_000361605.1	lcl|NZ_JADDVT010000008.1_cds_WP_002725984.1_3282	24.779	226	597
WP_000361605.1	lcl|NZ_JADDVT010000011.1_cds_WP_002729758.1_146	32.273	220	597
WP_000361605.1	lcl|NZ_JADDVT010000014.1_cds_WP_002733837.1_397	28.235	255	597
WP_000361605.1	lcl|NZ_JADDVT010000014.1_cds_WP_002733837.1_397	26.230	183	597
WP_000361605.1	lcl|NZ_JADDVT010000004.1_cds_WP_002730493.1_2429	25.581	215	597
WP_000361605.1	lcl|NZ_JADDVT010000004.1_cds_WP_002724311.1_2410	25.911	247	597
WP_000361605.1	lcl|NZ_JADDVT010000030.1_cds_WP_032853264.1_1586	26.293	232	597
WP_000361605.1	lcl|NZ_JADDVT010000030.1_cds_WP_032853264.1_1586	27.389	157	597
WP_000361605.1	lcl|NZ_JADDVT010000011.1_cds_WP_002729133.1_129	27.234	235	597
WP_000361605.1	lcl|NZ_JADDVT010000001.1_cds_WP_002735056.1_830	25.714	210	597
WP_000361605.1	lcl|NZ_JADDVT010000017.1_cds_WP_002733736.1_611	26.587	252	597
WP_000361605.1	lcl|NZ_JADDVT010000004.1_cds_WP_002724740.1_2390	26.364	220	597
WP_000361605.1	lcl|NZ_JADDVT010000004.1_cds_WP_002734915.1_2358	25.641	234	597
WP_000361605.1	lcl|NZ_JADDVT010000004.1_cds_WP_002734915.1_2358	24.314	255	597
WP_000361605.1	lcl|NZ_JADDVT010000004.1_cds_WP_002739909.1_2367	44.828	58	597
WP_000361605.1	lcl|NZ_JADDVT010000004.1_cds_WP_002739909.1_2367	23.118	186	597
WP_000361605.1	lcl|NZ_JADDVT010000050.1_cds_WP_002739367.1_2491	22.388	201	597
WP_000361605.1	lcl|NZ_JADDVT010000030.1_cds_WP_002723659.1_1595	27.111	225	597
WP_000699347.1	lcl|NZ_JADDVT010000005.1_cds_WP_002733534.1_2691	31.014	345	350
WP_000699347.1	lcl|NZ_JADDVT010000005.1_cds_WP_002740024.1_2782	24.438	356	350
WP_000699347.1	lcl|NZ_JADDVT010000018.1_cds_WP_002722638.1_672	25.281	356	350
WP_000699347.1	lcl|NZ_JADDVT010000029.1_cds_WP_002743770.1_1418	25.737	373	350
WP_000699347.1	lcl|NZ_JADDVT010000076.1_cds_WP_002741146.1_3106	23.315	356	350
WP_000699347.1	lcl|NZ_JADDVT010000006.1_cds_WP_002728309.1_2941	24.107	336	350
WP_000699347.1	lcl|NZ_JADDVT010000005.1_cds_WP_002733638.1_2728	25.485	361	350
WP_000699347.1	lcl|NZ_JADDVT010000005.1_cds_WP_002733579.1_2688	22.442	303	350
WP_000699347.1	lcl|NZ_JADDVT010000005.1_cds_WP_016749081.1_2720	26.259	278	350
WP_000699347.1	lcl|NZ_JADDVT010000005.1_cds_WP_002740721.1_2694	24.609	256	350
WP_000699347.1	lcl|NZ_JADDVT010000006.1_cds_WP_002728316.1_2944	25.882	255	350
WP_000699347.1	lcl|NZ_JADDVT010000005.1_cds_WP_002744551.1_2722	26.172	256	350
WP_000699347.1	lcl|NZ_JADDVT010000005.1_cds_WP_002733757.1_2755	26.344	186	350
WP_000699347.1	lcl|NZ_JADDVT010000005.1_cds_WP_002733546.1_2757	21.598	338	350
WP_000699347.1	lcl|NZ_JADDVT010000059.1_cds_WP_002740236.1_2679	25.000	260	350
WP_000699347.1	lcl|NZ_JADDVT010000004.1_cds_WP_002721725.1_2460	22.995	187	350
WP_000699347.1	lcl|NZ_JADDVT010000005.1_cds_IQA67_RS03065_2726	64.000	25	350
WP_000275582.1	lcl|NZ_JADDVT010000005.1_cds_WP_002740722.1_2731	37.838	333	349
WP_000275582.1	lcl|NZ_JADDVT010000005.1_cds_WP_002740726.1_2735	35.168	327	349
WP_000275582.1	lcl|NZ_JADDVT010000014.1_cds_WP_002730849.1_427	34.568	324	349
WP_000275582.1	lcl|NZ_JADDVT010000005.1_cds_WP_002740722.1_2731	37.838	333	349
WP_000275582.1	lcl|NZ_JADDVT010000005.1_cds_WP_002740726.1_2735	35.168	327	349
WP_000275582.1	lcl|NZ_JADDVT010000014.1_cds_WP_002730849.1_427	34.568	324	349
WP_000808025.1	lcl|NZ_JADDVT010000013.1_cds_WP_002723163.1_351	29.213	89	441
WP_000808025.1	lcl|NZ_JADDVT010000033.1_cds_WP_032856387.1_1718	28.571	91	441
WP_000623952.1	lcl|NZ_JADDVT010000005.1_cds_WP_002733672.1_2725	36.123	227	247
WP_000623952.1	lcl|NZ_JADDVT010000005.1_cds_WP_002740808.1_2737	36.709	237	247
WP_000208484.1	lcl|NZ_JADDVT010000055.1_cds_WP_002722821.1_2599	24.812	266	323
WP_000208484.1	lcl|NZ_JADDVT010000005.1_cds_WP_002733651.1_2753	27.675	271	323
WP_000208484.1	lcl|NZ_JADDVT010000044.1_cds_WP_002742184.1_2227	21.300	277	323
WP_000208484.1	lcl|NZ_JADDVT010000055.1_cds_WP_002722821.1_2599	24.812	266	323
WP_000208484.1	lcl|NZ_JADDVT010000005.1_cds_WP_002733651.1_2753	27.675	271	323
WP_000208484.1	lcl|NZ_JADDVT010000044.1_cds_WP_002742184.1_2227	21.300	277	323
WP_001031896.1	lcl|NZ_JADDVT010000005.1_cds_WP_002740938.1_2719	26.087	138	361
WP_000615098.1	lcl|NZ_JADDVT010000018.1_cds_WP_011671435.1_701	22.500	240	340
WP_000615098.1	lcl|NZ_JADDVT010000002.1_cds_WP_032853239.1_1539	26.047	215	340
WP_000615098.1	lcl|NZ_JADDVT010000014.1_cds_WP_002740458.1_454	24.390	205	340
WP_000615098.1	lcl|NZ_JADDVT010000068.1_cds_WP_016749152.1_2917	23.776	143	340
WP_000615098.1	lcl|NZ_JADDVT010000005.1_cds_WP_230456811.1_2706	30.702	114	340
WP_000615098.1	lcl|NZ_JADDVT010000005.1_cds_IQA67_RS03170_2747	29.365	126	340
WP_000615098.1	lcl|NZ_JADDVT010000005.1_cds_WP_002733603.1_2746	30.357	56	340
WP_000373631.1	lcl|NZ_JADDVT010000005.1_cds_WP_002740242.1_2740	21.972	355	609
WP_000723077.1	lcl|NZ_JADDVT010000005.1_cds_WP_002733534.1_2691	31.457	302	332
WP_000723077.1	lcl|NZ_JADDVT010000005.1_cds_WP_002740024.1_2782	28.399	331	332
WP_000723077.1	lcl|NZ_JADDVT010000005.1_cds_IQA67_RS03065_2726	77.049	61	332
WP_000723077.1	lcl|NZ_JADDVT010000076.1_cds_WP_002741146.1_3106	26.837	313	332
WP_000723077.1	lcl|NZ_JADDVT010000018.1_cds_WP_002722638.1_672	28.875	329	332
WP_000723077.1	lcl|NZ_JADDVT010000006.1_cds_WP_002728316.1_2944	26.543	324	332
WP_000723077.1	lcl|NZ_JADDVT010000006.1_cds_WP_002728309.1_2941	26.266	316	332
WP_000723077.1	lcl|NZ_JADDVT010000005.1_cds_WP_002733638.1_2728	24.928	345	332
WP_000723077.1	lcl|NZ_JADDVT010000029.1_cds_WP_002743770.1_1418	23.796	353	332
WP_000723077.1	lcl|NZ_JADDVT010000005.1_cds_WP_002733757.1_2755	27.042	355	332
WP_000723077.1	lcl|NZ_JADDVT010000005.1_cds_WP_002740721.1_2694	25.362	276	332
WP_000723077.1	lcl|NZ_JADDVT010000005.1_cds_WP_002733698.1_2765	27.341	267	332
WP_000723077.1	lcl|NZ_JADDVT010000005.1_cds_WP_002733579.1_2688	21.377	276	332
WP_000723077.1	lcl|NZ_JADDVT010000005.1_cds_WP_002733546.1_2757	23.776	286	332
WP_000723077.1	lcl|NZ_JADDVT010000005.1_cds_WP_016749081.1_2720	23.567	314	332
WP_000723077.1	lcl|NZ_JADDVT010000007.1_cds_WP_002732331.1_3206	26.471	204	332
WP_000723077.1	lcl|NZ_JADDVT010000005.1_cds_WP_002744551.1_2722	25.568	176	332
WP_000723077.1	lcl|NZ_JADDVT010000059.1_cds_WP_002740236.1_2679	24.823	282	332
WP_000723077.1	lcl|NZ_JADDVT010000004.1_cds_WP_002739935.1_2372	24.818	274	332
WP_001054317.1	lcl|NZ_JADDVT010000005.1_cds_WP_002733599.1_2729	37.260	365	392
WP_001054317.1	lcl|NZ_JADDVT010000024.1_cds_WP_002728994.1_1171	31.975	319	392
WP_001054317.1	lcl|NZ_JADDVT010000005.1_cds_WP_002740826.1_2695	28.435	313	392
WP_001054317.1	lcl|NZ_JADDVT010000005.1_cds_WP_002740861.1_2696	26.923	338	392
WP_001054317.1	lcl|NZ_JADDVT010000005.1_cds_WP_002740294.1_2776	26.506	249	392
WP_001054317.1	lcl|NZ_JADDVT010000005.1_cds_WP_002733737.1_2716	26.766	269	392
WP_001054317.1	lcl|NZ_JADDVT010000006.1_cds_WP_002738884.1_2989	26.812	276	392
WP_000656817.1	lcl|NZ_JADDVT010000005.1_cds_WP_002733696.1_2730	54.000	200	206
WP_000656817.1	lcl|NZ_JADDVT010000006.1_cds_WP_002726605.1_2970	29.167	96	206
WP_000656817.1	lcl|NZ_JADDVT010000006.1_cds_WP_002738903.1_2942	25.217	115	206
WP_000853941.1	lcl|NZ_JADDVT010000005.1_cds_WP_002740722.1_2731	65.774	336	334
WP_000853941.1	lcl|NZ_JADDVT010000005.1_cds_WP_002740726.1_2735	39.264	326	334
WP_000853941.1	lcl|NZ_JADDVT010000014.1_cds_WP_002730849.1_427	36.000	300	334
WP_000853941.1	lcl|NZ_JADDVT010000005.1_cds_WP_002740722.1_2731	65.774	336	334
WP_000853941.1	lcl|NZ_JADDVT010000005.1_cds_WP_002740726.1_2735	39.264	326	334
WP_000853941.1	lcl|NZ_JADDVT010000014.1_cds_WP_002730849.1_427	36.000	300	334
WP_000824284.1	lcl|NZ_JADDVT010000005.1_cds_WP_032853440.1_2732	62.857	385	386
WP_000824284.1	lcl|NZ_JADDVT010000005.1_cds_WP_002721301.1_2767	25.694	144	386
WP_000432841.1	lcl|NZ_JADDVT010000005.1_cds_WP_002740926.1_2733	46.110	347	349
WP_000432841.1	lcl|NZ_JADDVT010000005.1_cds_WP_002733627.1_2692	30.472	233	349
WP_000432841.1	lcl|NZ_JADDVT010000005.1_cds_WP_002738295.1_2754	28.856	201	349
WP_000432841.1	lcl|NZ_JADDVT010000005.1_cds_WP_002727921.1_2783	30.337	178	349
WP_000432841.1	lcl|NZ_JADDVT010000015.1_cds_WP_002722569.1_501	28.462	130	349
WP_000432841.1	lcl|NZ_JADDVT010000029.1_cds_WP_002729513.1_1419	24.490	245	349
WP_000432841.1	lcl|NZ_JADDVT010000003.1_cds_WP_016749677.1_1995	29.091	110	349
WP_000432841.1	lcl|NZ_JADDVT010000005.1_cds_WP_002740926.1_2733	46.110	347	349
WP_000432841.1	lcl|NZ_JADDVT010000005.1_cds_WP_002733627.1_2692	30.472	233	349
WP_000432841.1	lcl|NZ_JADDVT010000005.1_cds_WP_002738295.1_2754	28.856	201	349
WP_000432841.1	lcl|NZ_JADDVT010000005.1_cds_WP_002727921.1_2783	30.337	178	349
WP_000432841.1	lcl|NZ_JADDVT010000015.1_cds_WP_002722569.1_501	28.462	130	349
WP_000432841.1	lcl|NZ_JADDVT010000029.1_cds_WP_002729513.1_1419	24.490	245	349
WP_000432841.1	lcl|NZ_JADDVT010000003.1_cds_WP_016749677.1_1995	29.091	110	349
WP_000125000.1	lcl|NZ_JADDVT010000036.1_cds_WP_002730840.1_1824	45.161	248	256
WP_000125000.1	lcl|NZ_JADDVT010000065.1_cds_WP_002724674.1_2881	29.756	205	256
WP_000950837.1	lcl|NZ_JADDVT010000065.1_cds_WP_002739089.1_2882	34.579	214	215
WP_000770298.1	lcl|NZ_JADDVT010000005.1_cds_WP_002733672.1_2725	43.350	203	229
WP_000770298.1	lcl|NZ_JADDVT010000005.1_cds_WP_002740808.1_2737	37.569	181	229
WP_000770298.1	lcl|NZ_JADDVT010000013.1_cds_WP_002723863.1_325	34.375	64	229
WP_000048849.1	lcl|NZ_JADDVT010000005.1_cds_WP_002733698.1_2765	40.294	340	333
WP_000048849.1	lcl|NZ_JADDVT010000038.1_cds_WP_002739707.1_1884	31.970	269	333
WP_000048849.1	lcl|NZ_JADDVT010000005.1_cds_WP_002740721.1_2694	30.233	129	333
WP_000048849.1	lcl|NZ_JADDVT010000005.1_cds_WP_002733534.1_2691	25.714	245	333
WP_000048849.1	lcl|NZ_JADDVT010000029.1_cds_WP_002743770.1_1418	25.714	140	333
WP_000048849.1	lcl|NZ_JADDVT010000018.1_cds_WP_002722638.1_672	26.606	109	333
WP_000048849.1	lcl|NZ_JADDVT010000012.1_cds_WP_002728891.1_258	26.400	125	333
WP_002102581.1	lcl|NZ_JADDVT010000005.1_cds_WP_002741071.1_2734	39.496	357	371
WP_061230225.1	lcl|NZ_JADDVT010000006.1_cds_WP_002738748.1_2963	28.085	235	363
WP_061230225.1	lcl|NZ_JADDVT010000047.1_cds_WP_002740796.1_2288	36.667	60	363
WP_061230225.1	lcl|NZ_JADDVT010000006.1_cds_WP_002738748.1_2963	28.085	235	363
WP_061230225.1	lcl|NZ_JADDVT010000047.1_cds_WP_002740796.1_2288	36.667	60	363
WP_002102578.1	lcl|NZ_JADDVT010000017.1_cds_WP_002725699.1_616	33.333	123	162
WP_002102578.1	lcl|NZ_JADDVT010000018.1_cds_WP_002727844.1_684	43.182	44	162
WP_002102582.1	lcl|NZ_JADDVT010000005.1_cds_WP_002733737.1_2716	36.944	360	366
WP_002102582.1	lcl|NZ_JADDVT010000005.1_cds_WP_002740294.1_2776	39.820	334	366
WP_002102582.1	lcl|NZ_JADDVT010000005.1_cds_WP_002740861.1_2696	37.047	359	366
WP_002102582.1	lcl|NZ_JADDVT010000005.1_cds_WP_002740826.1_2695	36.963	349	366
WP_002102582.1	lcl|NZ_JADDVT010000006.1_cds_WP_002738884.1_2989	32.418	364	366
WP_002102582.1	lcl|NZ_JADDVT010000024.1_cds_WP_002728994.1_1171	32.546	381	366
WP_002102582.1	lcl|NZ_JADDVT010000005.1_cds_WP_002733599.1_2729	30.252	357	366
WP_002102582.1	lcl|NZ_JADDVT010000007.1_cds_WP_002724641.1_3205	25.501	349	366
WP_002102582.1	lcl|NZ_JADDVT010000027.1_cds_WP_002741550.1_1322	41.818	55	366
WP_000623348.1	lcl|NZ_JADDVT010000007.1_cds_WP_002724641.1_3205	21.802	344	347
WP_000623348.1	lcl|NZ_JADDVT010000024.1_cds_WP_002728994.1_1171	24.274	379	347
WP_000623348.1	lcl|NZ_JADDVT010000005.1_cds_WP_002733737.1_2716	25.220	341	347
WP_000623348.1	lcl|NZ_JADDVT010000005.1_cds_WP_002740294.1_2776	22.254	346	347
WP_002102576.1	lcl|NZ_JADDVT010000010.1_cds_WP_002728407.1_55	34.722	144	257
WP_002102576.1	lcl|NZ_JADDVT010000051.1_cds_WP_002723079.1_2517	35.065	77	257
WP_002102576.1	lcl|NZ_JADDVT010000010.1_cds_WP_002728407.1_55	34.722	144	257
WP_002102576.1	lcl|NZ_JADDVT010000051.1_cds_WP_002723079.1_2517	35.065	77	257
WP_002102584.1	lcl|NZ_JADDVT010000019.1_cds_WP_002731944.1_737	30.449	312	311
WP_002102584.1	lcl|NZ_JADDVT010000013.1_cds_WP_002723163.1_351	32.456	114	311
WP_002102584.1	lcl|NZ_JADDVT010000005.1_cds_WP_002742120.1_2779	28.421	95	311
WP_002102584.1	lcl|NZ_JADDVT010000009.1_cds_WP_002726501.1_3379	23.577	123	311
WP_002102584.1	lcl|NZ_JADDVT010000005.1_cds_WP_002742128.1_2778	34.118	85	311
WP_002102584.1	lcl|NZ_JADDVT010000033.1_cds_WP_032856387.1_1718	29.592	98	311
WP_033108779.1	lcl|NZ_JADDVT010000068.1_cds_WP_228003619.1_2920	91.667	108	133
WP_033108779.1	lcl|NZ_JADDVT010000115.1_cds_WP_322619329.1_114	91.071	56	133
WP_033108779.1	lcl|NZ_JADDVT010000005.1_cds_WP_139363593.1_2738	34.328	134	133
WP_033108779.1	lcl|NZ_JADDVT010000068.1_cds_WP_134771539.1_2926	33.582	134	133
WP_033108779.1	lcl|NZ_JADDVT010000042.1_cds_IQA67_RS13610_2145	56.818	44	133
WP_033108779.1	lcl|NZ_JADDVT010000029.1_cds_IQA67_RS11345_1405	30.894	123	133
WP_033108779.1	lcl|NZ_JADDVT010000009.1_cds_IQA67_RS17060_3341	44.186	43	133
WP_004769865.1	lcl|NZ_JADDVT010000005.1_cds_WP_193810172.1_2788	85.981	107	115
WP_004769865.1	lcl|NZ_JADDVT010000011.1_cds_WP_016762595.1_201	70.115	87	115
WP_004769865.1	lcl|NZ_JADDVT010000005.1_cds_WP_139363593.1_2738	50.450	111	115
WP_004769865.1	lcl|NZ_JADDVT010000068.1_cds_WP_134771539.1_2926	50.450	111	115
WP_004769865.1	lcl|NZ_JADDVT010000042.1_cds_IQA67_RS13605_2144	42.553	94	115
WP_001168408.1	lcl|NZ_JADDVT010000005.1_cds_WP_002733534.1_2691	33.036	336	342
WP_001168408.1	lcl|NZ_JADDVT010000005.1_cds_WP_002740024.1_2782	32.432	333	342
WP_001168408.1	lcl|NZ_JADDVT010000018.1_cds_WP_002722638.1_672	32.508	323	342
WP_001168408.1	lcl|NZ_JADDVT010000006.1_cds_WP_002728309.1_2941	31.098	328	342
WP_001168408.1	lcl|NZ_JADDVT010000005.1_cds_WP_002733638.1_2728	30.030	333	342
WP_001168408.1	lcl|NZ_JADDVT010000076.1_cds_WP_002741146.1_3106	29.545	264	342
WP_001168408.1	lcl|NZ_JADDVT010000029.1_cds_WP_002743770.1_1418	24.275	276	342
WP_001168408.1	lcl|NZ_JADDVT010000005.1_cds_WP_002740721.1_2694	27.668	253	342
WP_001168408.1	lcl|NZ_JADDVT010000006.1_cds_WP_002728316.1_2944	28.750	240	342
WP_001168408.1	lcl|NZ_JADDVT010000005.1_cds_WP_016749081.1_2720	26.562	320	342
WP_001168408.1	lcl|NZ_JADDVT010000059.1_cds_WP_002740236.1_2679	28.033	239	342
WP_001168408.1	lcl|NZ_JADDVT010000005.1_cds_WP_002733546.1_2757	23.828	256	342
WP_001168408.1	lcl|NZ_JADDVT010000005.1_cds_WP_002733579.1_2688	23.602	322	342
WP_001168408.1	lcl|NZ_JADDVT010000005.1_cds_WP_002733698.1_2765	24.375	320	342
WP_001168408.1	lcl|NZ_JADDVT010000005.1_cds_IQA67_RS03065_2726	38.333	60	342
WP_001168408.1	lcl|NZ_JADDVT010000007.1_cds_WP_002732331.1_3206	24.359	156	342
WP_000701360.1	lcl|NZ_JADDVT010000024.1_cds_WP_002728994.1_1171	31.220	410	381
WP_000701360.1	lcl|NZ_JADDVT010000005.1_cds_WP_002733599.1_2729	29.517	393	381
WP_000701360.1	lcl|NZ_JADDVT010000005.1_cds_WP_002740294.1_2776	32.333	300	381
WP_000701360.1	lcl|NZ_JADDVT010000005.1_cds_WP_002733737.1_2716	30.585	376	381
WP_000701360.1	lcl|NZ_JADDVT010000005.1_cds_WP_002740861.1_2696	30.411	365	381
WP_000701360.1	lcl|NZ_JADDVT010000005.1_cds_WP_002740826.1_2695	26.761	355	381
WP_000701360.1	lcl|NZ_JADDVT010000006.1_cds_WP_002738884.1_2989	31.250	240	381
WP_000738262.1	lcl|NZ_JADDVT010000024.1_cds_WP_002728994.1_1171	35.128	390	389
WP_000738262.1	lcl|NZ_JADDVT010000005.1_cds_WP_002733599.1_2729	30.750	400	389
WP_000738262.1	lcl|NZ_JADDVT010000005.1_cds_WP_002740861.1_2696	32.861	353	389
WP_000738262.1	lcl|NZ_JADDVT010000005.1_cds_WP_002740826.1_2695	32.898	383	389
WP_000738262.1	lcl|NZ_JADDVT010000005.1_cds_WP_002733737.1_2716	29.730	370	389
WP_000738262.1	lcl|NZ_JADDVT010000005.1_cds_WP_002740294.1_2776	26.630	368	389
WP_000738262.1	lcl|NZ_JADDVT010000006.1_cds_WP_002738884.1_2989	29.963	267	389
WP_000738262.1	lcl|NZ_JADDVT010000007.1_cds_WP_002724641.1_3205	25.266	376	389
WP_000721297.1	lcl|NZ_JADDVT010000012.1_cds_WP_002733406.1_272	26.773	437	696
WP_000721297.1	lcl|NZ_JADDVT010000034.1_cds_WP_002738760.1_1764	30.242	248	696
WP_000721297.1	lcl|NZ_JADDVT010000027.1_cds_WP_002741417.1_1301	30.242	248	696
WP_000721297.1	lcl|NZ_JADDVT010000013.1_cds_WP_002723863.1_325	31.538	130	696
WP_000721297.1	lcl|NZ_JADDVT010000027.1_cds_WP_002731775.1_1311	25.095	263	696
WP_000721297.1	lcl|NZ_JADDVT010000012.1_cds_WP_002733406.1_272	26.773	437	696
WP_000721297.1	lcl|NZ_JADDVT010000034.1_cds_WP_002738760.1_1764	30.242	248	696
WP_000721297.1	lcl|NZ_JADDVT010000027.1_cds_WP_002741417.1_1301	30.242	248	696
WP_000721297.1	lcl|NZ_JADDVT010000013.1_cds_WP_002723863.1_325	31.538	130	696
WP_000721297.1	lcl|NZ_JADDVT010000027.1_cds_WP_002731775.1_1311	25.095	263	696
WP_002102767.1	lcl|NZ_JADDVT010000068.1_cds_WP_016749152.1_2917	25.112	223	311
WP_002102767.1	lcl|NZ_JADDVT010000014.1_cds_WP_002740458.1_454	28.340	247	311
WP_002102767.1	lcl|NZ_JADDVT010000018.1_cds_WP_011671435.1_701	30.488	164	311
WP_002102767.1	lcl|NZ_JADDVT010000002.1_cds_WP_032853239.1_1539	24.155	207	311
WP_002102767.1	lcl|NZ_JADDVT010000005.1_cds_WP_230456811.1_2706	27.778	180	311
WP_002102767.1	lcl|NZ_JADDVT010000005.1_cds_WP_002740041.1_2739	29.861	144	311
WP_002102767.1	lcl|NZ_JADDVT010000005.1_cds_IQA67_RS03170_2747	31.429	105	311
WP_000155110.1	lcl|NZ_JADDVT010000005.1_cds_WP_002740722.1_2731	38.996	259	336
WP_000155110.1	lcl|NZ_JADDVT010000005.1_cds_WP_002740726.1_2735	33.815	346	336
WP_000155110.1	lcl|NZ_JADDVT010000014.1_cds_WP_002730849.1_427	38.866	247	336
WP_000804582.1	lcl|NZ_JADDVT010000027.1_cds_WP_002741550.1_1322	27.930	401	364
WP_000804582.1	lcl|NZ_JADDVT010000009.1_cds_WP_002734397.1_3356	27.247	356	364
WP_000804582.1	lcl|NZ_JADDVT010000011.1_cds_WP_002736061.1_188	23.274	391	364
WP_000804582.1	lcl|NZ_JADDVT010000027.1_cds_WP_002741672.1_1298	23.397	312	364
WP_000804582.1	lcl|NZ_JADDVT010000001.1_cds_WP_002723437.1_866	22.256	328	364
WP_000804582.1	lcl|NZ_JADDVT010000042.1_cds_WP_002739285.1_2156	23.333	210	364
WP_000804582.1	lcl|NZ_JADDVT010000019.1_cds_WP_002728131.1_744	25.000	144	364
WP_000037677.1	lcl|NZ_JADDVT010000009.1_cds_WP_002740895.1_3402	28.443	334	395
WP_000037677.1	lcl|NZ_JADDVT010000014.1_cds_WP_016757377.1_452	24.176	273	395
WP_000833255.1	lcl|NZ_JADDVT010000005.1_cds_WP_002740242.1_2740	32.941	595	594
WP_000703222.1	lcl|NZ_JADDVT010000005.1_cds_WP_002733661.1_2758	36.842	114	335
WP_000703222.1	lcl|NZ_JADDVT010000005.1_cds_WP_002742120.1_2779	29.412	102	335
WP_000703222.1	lcl|NZ_JADDVT010000033.1_cds_WP_032856387.1_1718	24.022	179	335
WP_000445586.1	lcl|NZ_JADDVT010000005.1_cds_WP_002740977.1_2715	24.745	392	416
WP_000869621.1	lcl|NZ_JADDVT010000005.1_cds_WP_002738295.1_2754	50.781	256	259
WP_000869621.1	lcl|NZ_JADDVT010000005.1_cds_WP_002733627.1_2692	22.311	251	259
WP_000869621.1	lcl|NZ_JADDVT010000005.1_cds_WP_002740926.1_2733	20.565	248	259
WP_000869621.1	lcl|NZ_JADDVT010000024.1_cds_WP_002729040.1_1177	38.889	36	259
WP_000869621.1	lcl|NZ_JADDVT010000002.1_cds_WP_002766579.1_1548	28.333	60	259
WP_000377752.1	lcl|NZ_JADDVT010000005.1_cds_WP_002733757.1_2755	47.550	347	354
WP_000377752.1	lcl|NZ_JADDVT010000076.1_cds_WP_002741146.1_3106	28.485	330	354
WP_000377752.1	lcl|NZ_JADDVT010000005.1_cds_WP_002740024.1_2782	22.376	362	354
WP_000377752.1	lcl|NZ_JADDVT010000005.1_cds_WP_002733534.1_2691	24.716	352	354
WP_000377752.1	lcl|NZ_JADDVT010000006.1_cds_WP_002728316.1_2944	26.347	167	354
WP_000377752.1	lcl|NZ_JADDVT010000029.1_cds_WP_002743770.1_1418	27.602	221	354
WP_000377752.1	lcl|NZ_JADDVT010000005.1_cds_WP_002733698.1_2765	26.457	223	354
WP_000377752.1	lcl|NZ_JADDVT010000038.1_cds_WP_002739707.1_1884	24.696	247	354
WP_000377752.1	lcl|NZ_JADDVT010000005.1_cds_WP_016749081.1_2720	25.347	288	354
WP_002102773.1	lcl|NZ_JADDVT010000005.1_cds_WP_002733619.1_2756	47.945	146	149
WP_002102773.1	lcl|NZ_JADDVT010000005.1_cds_WP_002733572.1_2766	32.759	58	149
WP_000697617.1	lcl|NZ_JADDVT010000005.1_cds_WP_002733546.1_2757	49.201	313	313
WP_000697617.1	lcl|NZ_JADDVT010000005.1_cds_WP_002744551.1_2722	23.273	275	313
WP_000697617.1	lcl|NZ_JADDVT010000005.1_cds_WP_002740024.1_2782	23.256	258	313
WP_000697617.1	lcl|NZ_JADDVT010000018.1_cds_WP_002722638.1_672	24.169	331	313
WP_000697617.1	lcl|NZ_JADDVT010000005.1_cds_WP_002740721.1_2694	24.803	254	313
WP_001005151.1	lcl|NZ_JADDVT010000005.1_cds_WP_002733661.1_2758	41.921	229	289
WP_001005151.1	lcl|NZ_JADDVT010000005.1_cds_WP_002742128.1_2778	33.333	216	289
WP_001005151.1	lcl|NZ_JADDVT010000033.1_cds_WP_032856387.1_1718	32.673	202	289
WP_001005151.1	lcl|NZ_JADDVT010000005.1_cds_WP_002742120.1_2779	30.222	225	289
WP_001005151.1	lcl|NZ_JADDVT010000013.1_cds_WP_002723163.1_351	32.787	122	289
WP_192504988.1	lcl|NZ_JADDVT010000005.1_cds_WP_002733553.1_2764	47.757	379	390
WP_192504988.1	lcl|NZ_JADDVT010000004.1_cds_WP_032854471.1_2439	28.333	120	390
WP_192504988.1	lcl|NZ_JADDVT010000015.1_cds_WP_002727358.1_470	23.556	225	390
WP_192504988.1	lcl|NZ_JADDVT010000021.1_cds_WP_002721072.1_1004	24.786	234	390
WP_192504988.1	lcl|NZ_JADDVT010000076.1_cds_WP_002724488.1_3103	35.135	74	390
WP_192504988.1	lcl|NZ_JADDVT010000076.1_cds_WP_002741123.1_3104	25.556	90	390
WP_192504988.1	lcl|NZ_JADDVT010000002.1_cds_WP_002734022.1_1525	32.558	86	390
WP_002102764.1	lcl|NZ_JADDVT010000005.1_cds_WP_002727913.1_2777	29.588	267	251
WP_002102764.1	lcl|NZ_JADDVT010000005.1_cds_WP_002733661.1_2758	29.464	224	251
WP_002102764.1	lcl|NZ_JADDVT010000033.1_cds_WP_032856387.1_1718	28.641	206	251
WP_002102764.1	lcl|NZ_JADDVT010000005.1_cds_WP_002742128.1_2778	30.233	215	251
WP_002102764.1	lcl|NZ_JADDVT010000013.1_cds_WP_002723163.1_351	29.104	134	251
WP_000862006.1	lcl|NZ_JADDVT010000005.1_cds_WP_230456811.1_2706	34.524	84	246
WP_000862006.1	lcl|NZ_JADDVT010000005.1_cds_WP_002740917.1_2703	32.143	112	246
WP_000289494.1	lcl|NZ_JADDVT010000005.1_cds_WP_002733636.1_2769	69.596	421	421
WP_000289494.1	lcl|NZ_JADDVT010000036.1_cds_WP_002733844.1_1821	35.294	255	421
WP_000289494.1	lcl|NZ_JADDVT010000001.1_cds_WP_002734943.1_821	33.158	190	421
WP_000133173.1	lcl|NZ_JADDVT010000005.1_cds_WP_002733711.1_2770	83.831	402	402
WP_002101570.1	lcl|NZ_JADDVT010000005.1_cds_WP_002740298.1_2771	91.537	449	449
WP_002101539.1	lcl|NZ_JADDVT010000005.1_cds_WP_002733577.1_2772	85.382	301	313
WP_001084690.1	lcl|NZ_JADDVT010000005.1_cds_WP_050547976.1_2773	71.478	291	295
WP_192504989.1	lcl|NZ_JADDVT010000005.1_cds_WP_002723123.1_2774	80.597	335	340
WP_000343395.1	lcl|NZ_JADDVT010000005.1_cds_WP_002727923.1_2775	89.855	138	139
WP_000343395.1	lcl|NZ_JADDVT010000005.1_cds_WP_002738232.1_2721	31.034	116	139
WP_000575178.1	lcl|NZ_JADDVT010000005.1_cds_WP_002740294.1_2776	86.501	363	363
WP_000575178.1	lcl|NZ_JADDVT010000005.1_cds_WP_002733737.1_2716	37.989	358	363
WP_000575178.1	lcl|NZ_JADDVT010000005.1_cds_WP_002740861.1_2696	36.314	369	363
WP_000575178.1	lcl|NZ_JADDVT010000005.1_cds_WP_002740826.1_2695	34.262	359	363
WP_000575178.1	lcl|NZ_JADDVT010000006.1_cds_WP_002738884.1_2989	31.594	345	363
WP_000575178.1	lcl|NZ_JADDVT010000024.1_cds_WP_002728994.1_1171	24.658	365	363
WP_000575178.1	lcl|NZ_JADDVT010000005.1_cds_WP_002733599.1_2729	28.490	351	363
WP_000560749.1	lcl|NZ_JADDVT010000005.1_cds_WP_002727913.1_2777	39.035	228	265
WP_000560749.1	lcl|NZ_JADDVT010000005.1_cds_WP_002742120.1_2779	33.333	231	265
WP_000560749.1	lcl|NZ_JADDVT010000033.1_cds_WP_032856387.1_1718	22.280	193	265
WP_000560749.1	lcl|NZ_JADDVT010000005.1_cds_WP_002741093.1_2723	31.193	109	265
WP_000282884.1	lcl|NZ_JADDVT010000005.1_cds_WP_002742128.1_2778	68.266	271	273
WP_000282884.1	lcl|NZ_JADDVT010000005.1_cds_WP_002733661.1_2758	32.479	234	273
WP_000282884.1	lcl|NZ_JADDVT010000033.1_cds_WP_032856387.1_1718	33.511	188	273
WP_000282884.1	lcl|NZ_JADDVT010000005.1_cds_WP_002742120.1_2779	28.837	215	273
WP_000282884.1	lcl|NZ_JADDVT010000005.1_cds_WP_002741093.1_2723	29.412	119	273
WP_000282884.1	lcl|NZ_JADDVT010000005.1_cds_WP_002727913.1_2777	23.188	276	273
WP_000282884.1	lcl|NZ_JADDVT010000063.1_cds_WP_016749129.1_2843	25.137	183	273
WP_000282884.1	lcl|NZ_JADDVT010000013.1_cds_WP_002723163.1_351	30.000	90	273
WP_000853996.1	lcl|NZ_JADDVT010000005.1_cds_WP_002742120.1_2779	58.219	584	582
WP_000853996.1	lcl|NZ_JADDVT010000005.1_cds_WP_002733661.1_2758	38.211	123	582
WP_000853996.1	lcl|NZ_JADDVT010000005.1_cds_WP_002742128.1_2778	26.168	214	582
WP_000853996.1	lcl|NZ_JADDVT010000033.1_cds_WP_032856387.1_1718	26.316	190	582
WP_000853996.1	lcl|NZ_JADDVT010000005.1_cds_WP_002741093.1_2723	23.684	266	582
WP_000853996.1	lcl|NZ_JADDVT010000005.1_cds_WP_002727913.1_2777	26.809	235	582
WP_000853996.1	lcl|NZ_JADDVT010000005.1_cds_WP_002742120.1_2779	58.219	584	582
WP_000853996.1	lcl|NZ_JADDVT010000005.1_cds_WP_002733661.1_2758	38.211	123	582
WP_000853996.1	lcl|NZ_JADDVT010000005.1_cds_WP_002742128.1_2778	26.168	214	582
WP_000853996.1	lcl|NZ_JADDVT010000033.1_cds_WP_032856387.1_1718	26.316	190	582
WP_000853996.1	lcl|NZ_JADDVT010000005.1_cds_WP_002741093.1_2723	23.684	266	582
WP_000853996.1	lcl|NZ_JADDVT010000005.1_cds_WP_002727913.1_2777	26.809	235	582
WP_001159758.1	lcl|NZ_JADDVT010000005.1_cds_WP_002727916.1_2780	89.785	186	186
WP_001159758.1	lcl|NZ_JADDVT010000005.1_cds_WP_002733611.1_2718	40.556	180	186
WP_000642154.1	lcl|NZ_JADDVT010000005.1_cds_WP_002740063.1_2781	86.928	306	306
WP_000723090.1	lcl|NZ_JADDVT010000005.1_cds_WP_002740024.1_2782	93.155	336	349
WP_000723090.1	lcl|NZ_JADDVT010000005.1_cds_WP_002733534.1_2691	30.746	335	349
WP_000723090.1	lcl|NZ_JADDVT010000076.1_cds_WP_002741146.1_3106	27.576	330	349
WP_000723090.1	lcl|NZ_JADDVT010000029.1_cds_WP_002743770.1_1418	28.857	350	349
WP_000723090.1	lcl|NZ_JADDVT010000006.1_cds_WP_002728316.1_2944	26.627	338	349
WP_000723090.1	lcl|NZ_JADDVT010000018.1_cds_WP_002722638.1_672	26.269	335	349
WP_000723090.1	lcl|NZ_JADDVT010000005.1_cds_WP_002740721.1_2694	24.625	333	349
WP_000723090.1	lcl|NZ_JADDVT010000005.1_cds_WP_002733757.1_2755	25.568	352	349
WP_000723090.1	lcl|NZ_JADDVT010000005.1_cds_WP_002733638.1_2728	23.478	345	349
WP_000723090.1	lcl|NZ_JADDVT010000005.1_cds_WP_002733698.1_2765	27.711	249	349
WP_000723090.1	lcl|NZ_JADDVT010000006.1_cds_WP_002728309.1_2941	22.353	340	349
WP_000723090.1	lcl|NZ_JADDVT010000005.1_cds_WP_002733579.1_2688	23.875	289	349
WP_000723090.1	lcl|NZ_JADDVT010000038.1_cds_WP_002739707.1_1884	30.882	136	349
WP_000723090.1	lcl|NZ_JADDVT010000005.1_cds_WP_002733546.1_2757	24.490	245	349
WP_000723090.1	lcl|NZ_JADDVT010000005.1_cds_WP_016749081.1_2720	20.807	322	349
WP_000723090.1	lcl|NZ_JADDVT010000005.1_cds_WP_002744551.1_2722	21.672	323	349
WP_000723090.1	lcl|NZ_JADDVT010000004.1_cds_WP_002721725.1_2460	28.218	202	349
WP_000723090.1	lcl|NZ_JADDVT010000004.1_cds_WP_002739935.1_2372	27.465	142	349
WP_192504990.1	lcl|NZ_JADDVT010000005.1_cds_WP_002727921.1_2783	95.578	294	294
WP_192504990.1	lcl|NZ_JADDVT010000005.1_cds_WP_002740926.1_2733	31.522	184	294
WP_192504990.1	lcl|NZ_JADDVT010000005.1_cds_WP_002733627.1_2692	27.717	184	294
WP_000878673.1	lcl|NZ_JADDVT010000005.1_cds_WP_002727925.1_2784	85.802	324	324
WP_000878673.1	lcl|NZ_JADDVT010000005.1_cds_WP_002727927.1_2786	23.849	239	324
WP_001114264.1	lcl|NZ_JADDVT010000005.1_cds_WP_002733618.1_2785	88.449	303	303
WP_017854445.1	lcl|NZ_JADDVT010000005.1_cds_WP_002727927.1_2786	84.043	282	282
WP_017854445.1	lcl|NZ_JADDVT010000005.1_cds_WP_002727925.1_2784	25.543	184	282
WP_000827960.1	lcl|NZ_JADDVT010000005.1_cds_IQA67_RS03370_2787	86.111	252	464
WP_000827960.1	lcl|NZ_JADDVT010000005.1_cds_IQA67_RS03370_2787	37.705	61	464
WP_000827960.1	lcl|NZ_JADDVT010000017.1_cds_IQA67_RS08380_652	85.789	190	464
WP_000827960.1	lcl|NZ_JADDVT010000017.1_cds_IQA67_RS08380_652	26.263	99	464
